22
20 5 7 22 9 15 23
23 12 3 6 17 8 15 19 20 4 0 1 14
18 22 21 0 17 19 6 9 12 13 1 3
14 22 23 4 5 1 10 8 17 3 20 11
5 12 3 21 19 2 9 8 15 17 10 1
7 6 21 5 4 22 12 15 8 0 1 11 13 10 14 19 18
4 8 16 15 7 13 10 14 17 0 23 1 22
20 0 8 23 1 11 3 22 2 14 15 5 6 17 16 9 19 4
15 20 8 9 13 23 16 17
21 2 7 9 20 17 1 3 15 13 16 12 10 6 8
7 9 15 1 8 2 19 5 20 4
20 15 6 13 2 7 16
14 12 16 22 23 0 4 8 20 6 11 3 15 18 2 19 5 9 10 17
23 9 18 5 10 20 8 0 1 11 7 19 4 6 16
18 14 2 8 23 10 1 11 6 16 4 0 17 7 3
0 18 13 2 21 22 20
22 13 9 11 23 5 8
2 8 4 12 5 21 17 16 13 0 18
17 13 8 18 5 21 10 2
17 1 20 0 9 3 16 6
17 22 15 18 0 5
19 10 22 15 16