21
1 8 6 11 21 13 7 0 19 2 18 15 17
2 23 22 5 16 18 20 9 1 14
15 9 14 5 18 4 21 11 3
21 19 16 14 12 7 18 6 15 9 17 0 11 3 22 10 2
15 8 19 20 6 13 1
6 15 3 8 5 14 13 20
10 18 16 20 6 17 19
1 0 5 19 14 17 11 15 4 7 10 20 23 22 18 13 21 16
13 22 20 8 15 23 10 6 3 5 19 12 7 18
9 2 0 17 23 8 20 11 13 21 11 8 19 7 12 14
18 10 3 5 20 1 12 17 11 16 19 0 14 6 2
22 7 14 23 18 8
6 22 5 18 14 4 10 3 19 13
12 4 17 20 5 6 9 11 23 16 019 14 15
12 18 17 19 4 21 23 13 1 0 3 14 9 22 15
13 0 9 16 11 19 10 6 23 3 12 18 8 21 20 17 14 5 7 2
23 3 16 12 1 11 2 17 15 19 22 14 18
16 8 0 13 17 22 15 18 11 6 19 20 21 4
2 15 22 8 21 9 12 16 17 4 7 20 3 13 18 0 14 1 19 6
7 11 2 19 0 5 3 21
3 5 20 10 23 17